-0.13231826605838062 -1.0
-0.13231127963131567 -1.0
-0.1323136586961857 -1.0
-0.132314623419228 -1.0
-0.13231295006450344 -1.0
-0.1323134872875043 -1.0
-0.1323112796274685 -1.0
-0.13231135836564809 -1.0
-0.13231659591059364 -1.0
-0.1323146208350961 -1.0
-0.13231302883618867 -1.0
-0.1323165694488635 -1.0
-0.13231295881306632 -1.0
-0.13231462049907652 -1.0
-0.13231366258441654 -1.0
-0.13231127973532164 -1.0
-0.1323146565853171 -1.0
-0.13231462053519222 -1.0
-0.13231130587299786 -1.0
-0.13231462373923106 -1.0
-0.13231674641002306 -1.0
-0.1323182397767172 -1.0
-0.13231967933189995 -1.0
-0.1323155741402307 -1.0
-0.13230933079748441 -1.0
-0.13232093422979643 -1.0
-0.13231965309465446 -1.0
-0.13231896779382737 -1.0
-0.13231128351571778 -1.0
-0.13232036862789617 -1.0
-0.13231438682247704 -1.0
-0.1323023706360867 -1.0
-0.132283576151781 -1.0
-0.13228415860418688 -1.0
-0.13218290323090906 -1.0
-0.13200476044909867 -1.0
-0.13177667822979702 -1.0
-0.13113685326511962 -1.0
-0.1299175422721128 -1.0
-0.12769028794051188 -1.0
-0.12445456699627228 -1.0
-0.12044019985088877 -1.0
-0.11560110780941882 -1.0
-0.11043169997178491 -1.0
-0.10523677156435836 -1.0
-0.10021390130006073 -1.0
-0.09542113216649949 -1.0
-0.09086905954380389 -1.0
-0.08627989034115051 -1.0
-0.08148493197931132 -1.0
-0.07657393033984386 -1.0
-0.07155558408809715 -1.0
-0.06649246762413266 -1.0
-0.06161745034442129 -1.0
-0.057035814314883915 -1.0
-0.052812553364973876 -1.0
-0.048792430880932415 -1.0
-0.04483238185070412 -1.0
-0.04093529177877463 -1.0
-0.03713355115366583 -1.0
-0.033347946345750876 -1.0
-0.029744418970770337 -1.0
-0.025602012504508817 -1.0
-0.021508168803398224 -1.0
-0.017268518038618258 -1.0
-0.012785556771456626 -1.0
-0.00801094173560888 -1.0
-0.002975334430742869 -1.0
0.0020837338959038684 -1.0
0.0070414427032877425 -1.0
0.011845852958452065 -1.0
0.01642624650832506 -1.0
0.020752941067477864 -1.0
0.024753446121838475 -1.0
0.028573023735537995 -1.0
0.03253569594758276 -1.0
0.0365364442935407 -1.0
0.040633575697112 -1.0
0.04463833388222735 -1.0
0.048545563911039286 -1.0
0.052196521714277105 -1.0
0.05570034252762727 -1.0
0.05902008599137079 -1.0
0.06218650273653466 -1.0
0.0652563320237109 -1.0
0.06819591573953131 -1.0
0.07107075443917736 -1.0
0.07376350312241019 -1.0
0.076287535927602 -1.0
0.07880292463600223 -1.0
0.08144545692665534 -1.0
0.0842140209222166 -1.0
0.08701912438132185 -1.0
0.09008583090956274 -1.0
0.09308820050363774 -1.0
0.09617797777346639 -1.0
0.09917521764371241 -1.0
0.10193626414744536 -1.0
0.10449444687730368 -1.0
0.10702174081098643 -1.0
0.10956636644521106 -1.0
0.11247764882489279 -1.0
0.1155392466595891 -1.0
0.11876379341914482 -1.0
0.12178586180047507 -1.0
0.12469902305730172 -1.0
0.12721488499627426 -1.0
0.12942794402714256 -1.0
0.13135576567106222 -1.0
0.13285069080728118 -1.0
0.13399151326281614 -1.0
0.13469747364014223 -1.0
0.13527508754486675 -1.0
0.13543652966357111 -1.0
0.1354815210849962 -1.0
0.1355378507906387 -1.0
0.1356810238290381 -1.0
0.13580239244710177 -1.0
0.13620217666102935 -1.0
0.13680966484710946 -1.0
0.13749895468066686 -1.0
0.13810023046716222 -1.0
0.13824095805240755 -1.0
0.13823357124512595 -1.0
0.13823497448094693 -1.0
0.13823011616865793 -1.0
0.13822482645511627 -1.0
0.1382231866392054 -1.0
0.13822482645511688 -1.0
0.13822506655842903 -1.0
0.13822732362947035 -1.0
0.13823163458129814 -1.0
0.13823288947706686 -1.0
0.13822954861741316 -1.0
0.13822592933972677 -1.0
0.13820731350233217 -1.0
0.13811128361407404 -1.0
0.13806653657097276 -1.0
0.1380862724700564 -1.0
0.1381263569478581 -1.0
0.13819064433179057 -1.0
0.13829414895315556 -1.0
0.13831055152834504 -1.0
0.13831014746748063 -1.0
0.1382998200780966 -1.0
0.1383002083122614 -1.0
0.13830192191959934 -1.0
0.13830510979158833 -1.0
0.13829663123362554 -1.0
0.13829175704410554 -1.0
0.13829342747944984 -1.0
0.13829871719343617 -1.0
0.13836950465287923 -1.0
0.13853088423065651 -1.0
0.13884566627282863 -1.0
0.13932581817713408 -1.0
0.1396793122044003 -1.0
0.14012556212845348 -1.0
0.1409770836834777 -1.0
0.1418555271050964 -1.0
0.1423061779671744 -1.0
0.14257419785466158 -1.0
0.14273769766900704 -1.0
0.14282869432357923 -1.0
0.14315112713978756 -1.0
0.14381251630754452 -1.0
0.1442984542292103 -1.0
0.14435857909995575 -1.0
0.14426249627483081 -1.0
0.14429521248000424 -1.0
0.14429512790188576 -1.0
0.14428393050157748 -1.0
0.14429033654833204 -1.0
0.14429200828491096 -1.0
0.1442881058821207 -1.0
0.14429033687240198 -1.0
0.14429032812368184 -1.0
0.14428671759471556 -1.0
0.14429395615008836 -1.0
0.14428504325861255 -1.0
0.14429200730825723 -1.0
0.14429560034027702 -1.0
0.1442903368724014 -1.0
0.14429033687240198 -1.0
0.14428671759456743 -1.0
0.1442886664365467 -1.0
0.14428669134904895 -1.0
0.14429200730825723 -1.0
0.14429033687240198 -1.0
0.14429033687240198 -1.0
0.14429395517802665 -1.0
0.14428661261204906 -1.0
0.14428962532277334 -1.0
0.14429200730825723 -1.0
0.14428671759471556 -1.0
0.14429033687240192 -1.0
0.14428504715886029 -1.0
0.1442867175946991 -1.0
0.14429200730825723 -1.0
0.1442886664365467 -1.0
0.14428843022554705 -1.0
0.1442886664365467 -1.0
0.1442886664365467 -1.0
0.1442886664365465 -1.0
0.14429033687240198 -1.0
0.14429200730825723 -1.0
0.14428504715886029 -1.0
0.1442886664365467 -1.0
0.14429200698290326 -1.0
0.14429033687240198 -1.0
0.1442886664365467 -1.0
0.14429033687240198 -1.0
0.14428671759471556 -1.0
0.14428671759471556 -1.0
0.14428866643649732 -1.0
0.14428866643654664 -1.0
0.1442886664365467 -1.0
0.1442886664365467 -1.0
0.1442886664365467 -1.0
0.1442886664365467 -1.0
0.14429033687240198 -1.0
0.1442886664365467 -1.0
0.14429033687240192 -1.0
0.14429200730825723 -1.0
0.14429200730825723 -1.0
0.14429033687240198 -1.0
0.14429033676439512 -1.0
0.14429033687240198 -1.0
0.14429033687240198 -1.0
0.14428962823940117 -1.0
0.14429200633619552 -1.0
0.14429200730825723 -1.0
0.1442919810625906 -1.0
0.14429033395621682 -1.0
0.14429395615008836 -1.0
0.14429033687240198 -1.0
0.14429033687106674 -1.0
0.14428866643610225 -1.0
0.14428858769954683 -1.0
0.14429033687106857 -1.0
0.14429033395621682 -1.0
0.14428671759471556 -1.0
0.14429200730820782 -1.0
0.14429129867525822 -1.0
0.14429033687240198 -1.0
0.14428865768799118 -1.0
0.14429033687240198 -1.0
0.14429033687240198 -1.0
0.14429033687240198 -1.0
