0.7870321714085419 -0.4767184610283165 -0.13231826605838062 -2.5094012950428746 -0.039656859470738305 1.9979202079110674 1.5231297953993748
0.7870357907219431 -0.47671150087891956 -0.13231127963131567 -2.509409925628127 -0.039656859470738305 1.9979210217131507 1.523137123978792
0.787030988675371 -0.4767169875178494 -0.1323136586961857 -2.50940296547873 -0.03965685947074105 1.9979210217131507 1.5231334618634436
0.7870321454081619 -0.47672013146417175 -0.132314623419228 -2.5093996246074513 -0.039656859470738305 1.9979217337899735 1.5231297598681712
0.7870341722516223 -0.4767184610283165 -0.13231295006450344 -2.509402965479306 -0.03965818189912372 1.9979194958342443 1.523129087611447
0.787036466696109 -0.4767148417506301 -0.1323134872875043 -2.509404914320561 -0.03965685947073922 1.9979217337899735 1.5231339224587988
0.7870365450182414 -0.4767131713147804 -0.1323112796274685 -2.5094056115886136 -0.039656147393915396 1.9979217337899735 1.523128375603746
0.787034094249993 -0.4767184610283165 -0.13231135836564809 -2.509401291990419 -0.03965614739398959 1.9979194958342446 1.5231303940993033
0.7870304749727469 -0.4767184610283165 -0.13231659591059364 -2.5094012950428746 -0.039656860012282434 1.997921021713151 1.5231349877483316
0.7870321454081619 -0.47671317131477486 -0.1323146208350961 -2.509406584756416 -0.039656859470738305 1.9979194958342446 1.5231313256329502
0.7870341029167863 -0.47671484175107876 -0.13231302883618867 -2.509402965482618 -0.03965685995752623 1.9979194958342443 1.5231334618694226
0.7870304749723066 -0.4767148417506301 -0.1323165694488635 -2.509399633110288 -0.039656147394137975 1.9979202079110674 1.5231297866222688
0.7870340943569905 -0.4767131713269044 -0.13231295881306632 -2.5094029654787304 -0.03965614739391539 1.9979187837574215 1.5231341574493944
0.7870342514389493 -0.47671679059246125 -0.13231462049907652 -2.50940365455845 -0.039657469822300805 1.9979202079110674 1.5231309780597047
0.7870340943728419 -0.47670788454467244 -0.13231366258441654 -2.509404914355554 -0.039657469894417534 1.9979194958342443 1.5231371239788003
0.7870374438003854 -0.47671944446407605 -0.13231127973532164 -2.509406584756416 -0.039657924081931105 1.9979194958342443 1.5231313211168
0.787032249409682 -0.47672208030600294 -0.1323146565853171 -2.509401295048059 -0.03965614885430389 1.9979202079110674 1.5231283625244523
0.787035843650422 -0.47671150087891956 -0.13231462053519222 -2.5094118829732266 -0.039656859470738305 1.9979187837574215 1.5231360586872735
0.7870340945709855 -0.4767150801706105 -0.13231130587299786 -2.509406584756416 -0.039656859470738305 1.9979194958342443 1.5231364119019526
0.787034094249993 -0.47671317131483026 -0.13231462373923106 -2.5094012950428746 -0.039656148044969204 1.9979194958342454 1.5231323891493436
0.7870357646858483 -0.4767167906288 -0.13231674641002306 -2.5094030420081506 -0.03965614739458314 1.9979202079110676 1.5231364117404718
0.7870304749723084 -0.4767185405011768 -0.1323182397767172 -2.50940296547873 -0.03965685947073834 1.9979194958342446 1.523127315968275
0.7870288045364514 -0.47671679059246125 -0.13231967933189995 -2.5094089449486647 -0.03965759249285689 1.9979194958342446 1.5231316842875071
0.7870304749723066 -0.4767184610283165 -0.1323155741402307 -2.5094068143448434 -0.03965685963300125 1.9979187837574215 1.5231283712450143
0.7870321454094829 -0.4767148417506301 -0.13230933079748441 -2.5094029654827694 -0.03965879371104998 1.9979202079110674 1.5231312079013866
0.787025185258765 -0.4767150801692092 -0.13232093422979643 -2.5094082551922714 -0.03965879225135397 1.9979187837574215 1.5231305118367993
0.7870304749723066 -0.4767148418596464 -0.13231965309465446 -2.5094252677945064 -0.03965879663178575 1.9979166475269527 1.5231334575087745
0.7870288045364514 -0.4767078816012334 -0.13231896779382737 -2.5094233230791536 -0.039660115166527614 1.9979166475269527 1.5231364119018922
0.7870304749723066 -0.4767184610283165 -0.13231128351571778 -2.509400858001334 -0.03966137571474713 1.9979180716805989 1.5231349877483316
0.787025185258765 -0.47672013146417175 -0.13232036862789617 -2.50940300972977 -0.03965950432752013 1.997921021713151 1.5231305118368732
0.7870391055575587 -0.4767201314642216 -0.13231438682247704 -2.5093957638991506 -0.039657471282664565 1.9979224458667968 1.5231334618694252
0.7870410572922839 -0.4767184698707527 -0.1323023706360867 -2.509399104766827 -0.03965915155429249 1.9979252943355938 1.5231313256210115
0.7870578594590165 -0.47672569958383887 -0.132283576151781 -2.5093698351806304 -0.03965685947081251 1.997934339093991 1.5231379377808836
0.7870718325410913 -0.4765379973209724 -0.13228415860418688 -2.509364288577255 -0.03965973077548767 1.999044025915409 1.5231309060220106
0.787095612959025 -0.4757628827516012 -0.13218290323090906 -2.5091672214957903 -0.03965769627228525 2.0020950096280976 1.5231331439779863
0.7871448149980236 -0.474591477519531 -0.13200476044909867 -2.508504046547866 -0.0396584478316681 2.0034930196898073 1.5231352800468754
0.7872246717090069 -0.47306223865066677 -0.13177667822979702 -2.5076480042454294 -0.039659160064843435 2.005018960571719 1.523133153826575
0.7872933315945071 -0.4715689785993059 -0.13113685326511962 -2.5069084914095816 -0.03965840850949214 2.0075636417991154 1.5231344373120348
0.7874968202159359 -0.47012869224693504 -0.1299175422721128 -2.5063103589506093 -0.039657085918717916 2.0110896196675414 1.5231301939434403
0.787529299221144 -0.46861031482873344 -0.12769028794051188 -2.505628287151188 -0.039656373841895 2.0148204918790524 1.5231268902156556
0.7875333992820913 -0.46693998865350816 -0.12445456699627228 -2.504837076385592 -0.03965505141350958 2.019500498437419 1.5231370985452326
0.7875829565546155 -0.46476963548781114 -0.12044019985088877 -2.5037304154205464 -0.03964982060922516 2.0251616255051053 1.523163579825618
0.7875762623281864 -0.4620255410583571 -0.11560110780941882 -2.5021611270316617 -0.039647255719046405 2.0302622404986312 1.5238096493181663
0.7875858196877595 -0.4583140529235236 -0.11043169997178491 -2.499772063957727 -0.0396436053751176 2.034314883919621 1.5250462943570688
0.7875794718687132 -0.4536909137508835 -0.10523677156435836 -2.496316843629078 -0.039637429946221304 2.036990741133081 1.525764354225818
0.7875770945339147 -0.4480921216314033 -0.10021390130006073 -2.4923011017410275 -0.03962999065891651 2.039420462922391 1.5266944817090315
0.7875707518187045 -0.4413757585512688 -0.09542113216649949 -2.487561770048958 -0.03962792177816107 2.0408342193588322 1.5290581831939174
0.7875792005652291 -0.4334793683384728 -0.09086905954380389 -2.4820248593472334 -0.03962326341205174 2.0410129953660907 1.5344176017687348
0.7875901088848587 -0.4246904538144347 -0.08627989034115051 -2.476530357090057 -0.03961720068732921 2.041368428014025 1.5403151348998674
0.7876113770339151 -0.4149210941576909 -0.08148493197931132 -2.4700812002950148 -0.039611200277975586 2.0417811584070544 1.5456060087483336
0.7876171999784295 -0.4041596321984284 -0.07657393033984386 -2.4626860372694614 -0.03960899887814317 2.042938810162737 1.5525333000911714
0.7876160377871075 -0.39231135544818124 -0.07155558408809715 -2.454500011817531 -0.03960157863553807 2.0444085945800334 1.5591685192091946
0.7876277559217195 -0.37973167283238957 -0.06649246762413266 -2.446281518426291 -0.03959605304731263 2.0465522991463176 1.5621948591737878
0.787638026117525 -0.3666135822413289 -0.06161745034442129 -2.4371150889793958 -0.039589936170313096 2.04862701339444 1.5641803674614545
0.7876373610991744 -0.3530704064990649 -0.057035814314883915 -2.4278622175145714 -0.03957868146982181 2.0496156544191106 1.5660486920943413
0.7876380350177244 -0.33974214330025554 -0.052812553364973876 -2.4191054026883383 -0.03957578991981034 2.0501175995979435 1.5706330192043871
0.787640520145358 -0.32660899316559516 -0.048792430880932415 -2.409894128147945 -0.03957219961616728 2.0502588804394324 1.5786009424928267
0.7876421905416392 -0.3136151054500326 -0.04483238185070412 -2.400807678910984 -0.03957280996772978 2.050543755980444 1.5856859513255877
0.7876421876929408 -0.30104058791199473 -0.04093529177877463 -2.3918898713703083 -0.03957148753934436 2.051615321878575 1.5940817095368185
0.787633746143667 -0.2885894398696817 -0.03713355115366583 -2.382208476709523 -0.03957280996772978 2.0535230614110493 1.6001262180758107
0.787639896096909 -0.27632352885479305 -0.033347946345750876 -2.3726627912074796 -0.03956537068640278 2.054712154914479 1.6045688274756174
0.7876578091518761 -0.26458257831137816 -0.029744418970770337 -2.3633104538791465 -0.03956057621373071 2.055558715538595 1.6107838933422267
0.7876596532369914 -0.252141667115373 -0.025602012504508817 -2.3528214894010837 -0.03955661166702448 2.056167689972361 1.619065017345083
0.787662931492454 -0.24061945650478272 -0.021508168803398224 -2.3437616622276845 -0.039549841666513236 2.056895561432736 1.6255709135426692
0.7876676100549814 -0.2294198796797418 -0.017268518038618258 -2.3341564792230596 -0.03955110981834225 2.057726046986323 1.6349916263737874
0.787667178849726 -0.21795081751184645 -0.012785556771456626 -2.324508333701559 -0.03955099104179551 2.059157396198812 1.6427868963967949
0.7876916609312318 -0.20622524122825847 -0.00801094173560888 -2.3151588204160047 -0.039551347679600356 2.062110975053962 1.6525946805893368
0.787698097080729 -0.1944905940501247 -0.002975334430742869 -2.305279097471445 -0.03955001210622633 2.0657257507092837 1.661302984525842
0.787692080018116 -0.18235784159853635 0.0020837338959038684 -2.295309147387947 -0.039545582516325846 2.068947403286422 1.6688201431366312
0.7876912010467076 -0.17006274221586495 0.0070414427032877425 -2.285138728743183 -0.03954544670049265 2.0719694145510594 1.6768534977064493
0.787696171472591 -0.157108892695645 0.011845852958452065 -2.2740457952874547 -0.039539724571911516 2.0739503426237995 1.6828132855709892
0.7877014346023609 -0.14407643798483655 0.01642624650832506 -2.2635142393428547 -0.0395359973443879 2.0743746427033933 1.6904412315351656
0.7877108519840674 -0.13117364896750822 0.020752941067477864 -2.252627721883009 -0.0395359973443879 2.07468263064363 1.6983107256589764
0.7877123421301738 -0.11828589958012004 0.024753446121838475 -2.2420781285301152 -0.03953528510517617 2.0749424152244993 1.7041798088558437
0.7877136117191093 -0.10551030213370013 0.028573023735537995 -2.2315972759997735 -0.03953731977277332 2.0753065370537787 1.711607681801841
0.7877071717329192 -0.09258665139486336 0.03253569594758276 -2.2205237685170087 -0.039535957881825415 2.075709563603152 1.717837141843755
0.7877137290353191 -0.08007862651167935 0.0365364442935407 -2.2105163619180384 -0.039530490836994066 2.0765624541382377 1.7237009405458967
0.7877119416103029 -0.0679425091003027 0.040633575697112 -2.1999099974024823 -0.03953120289577378 2.077554538595737 1.732993502500613
0.7877279912772207 -0.05606871455634581 0.04463833388222735 -2.1901498407643007 -0.039531813301465886 2.07916385784948 1.740509043273566
0.7877299597425806 -0.044848528589666134 0.048545563911039286 -2.180794471664584 -0.03953181330146599 2.0823022923020615 1.7464251939524746
0.7877242354089778 -0.033790722259599705 0.052196521714277105 -2.1716311440523777 -0.03953385213904746 2.086554228912608 1.752956718745061
0.7877263673990359 -0.02318703008780344 0.05570034252762727 -2.1633514539279473 -0.0395325253241592 2.090715088360889 1.7571234412629693
0.7877232112834854 -0.012824133710053549 0.05902008599137079 -2.155463663571963 -0.03953181324733628 2.0946070629637346 1.7617452620991711
0.7877261333886687 -0.0028103421153365966 0.06218650273653466 -2.147782924469008 -0.03953181324733628 2.098067090595735 1.7701738720382114
0.7877217811052076 0.0068152442288248235 0.0652563320237109 -2.1403460697253545 -0.03953522295729551 2.100847083124961 1.7786149850149071
0.7877258592454524 0.016511505841351807 0.06819591573953131 -2.1334982206731605 -0.039539964572441265 2.1038587539793645 1.7864499335218758
0.7877296371051306 0.025923959203472204 0.07107075443917736 -2.1262940347238635 -0.03954128705792957 2.106656181870158 1.7932124622047543
0.7877315930754718 0.03505849883168947 0.07376350312241019 -2.119120359768548 -0.039539252552721234 2.109048979662129 1.7960171625337054
0.7877326475488619 0.04420978529285956 0.076287535927602 -2.1124950113621215 -0.039536054792145704 2.110276651810227 1.797849860492878
0.7877347535835578 0.05300973363992919 0.07880292463600223 -2.106786381676926 -0.03953558451525293 2.111563677453234 1.8009796501417898
0.7877393461732323 0.06131064797686916 0.08144545692665534 -2.1013622807129697 -0.03953923939922708 2.112979023172498 1.807158824705833
0.7877351015928084 0.06971116562630852 0.0842140209222166 -2.096571001368359 -0.03953996462954415 2.1152110435182525 1.8147145632250337
0.7877376786263542 0.07811379102356394 0.08701912438132185 -2.0920077236845898 -0.03954211751623275 2.1194856813493583 1.819516247878318
0.7877395833931825 0.08655966887792496 0.09008583090956274 -2.088217009184055 -0.03954199913482674 2.1262694822936212 1.823386713089892
0.7877352617420222 0.094916887597132 0.09308820050363774 -2.0856918569371254 -0.039541999297215566 2.1349223293632136 1.8276644172609013
0.7877460213346512 0.10314668988758682 0.09617797777346639 -2.0839998442713648 -0.03954200422382684 2.144214804374087 1.8318908543869104
0.7877475076454614 0.11098302708764574 0.09917521764371241 -2.082660933181851 -0.03954603766089216 2.153162706625621 1.8334955213346886
0.787747508981776 0.11904041653197156 0.10193626414744536 -2.0812973447319796 -0.039546081488500494 2.161462494521164 1.8340490416686275
0.7877523980642644 0.12696001764165407 0.10449444687730368 -2.080070023950375 -0.03954608150654369 2.170126446622481 1.835703095135946
0.7877508355888351 0.1347425034348058 0.10702174081098643 -2.0785026922615915 -0.039548726363314524 2.1781378737640225 1.8411834416282522
0.7877587757569992 0.14212994481488922 0.10956636644521106 -2.0768865143815534 -0.03956222557506898 2.185264017398471 1.8508121376831794
0.7877616764661237 0.14967765817375925 0.11247764882489279 -2.075127516310316 -0.03956717499420812 2.1922548334544927 1.8574758017857405
0.7877682257843602 0.15706980053903608 0.1155392466595891 -2.0730778843796154 -0.03956753014062983 2.198790753756242 1.8596822131727262
0.7877711305283663 0.16444845440188516 0.11876379341914482 -2.070751137492611 -0.03956620608451384 2.2048608849413385 1.8602274645669168
0.7877850481997871 0.17217457928414948 0.12178586180047507 -2.0676299664733864 -0.03956587173579742 2.2092875180687424 1.8621061722732184
0.7878149718110302 0.18024079533912507 0.12469902305730172 -2.0637257817128254 -0.039573252356670724 2.212100775505741 1.866568094539573
0.7881118326144555 0.18811085016411688 0.12721488499627426 -2.059925547400129 -0.03957867742838465 2.2143261134176964 1.871348905795637
0.7886266795828369 0.19622293431468804 0.12942794402714256 -2.056112132276714 -0.039578086319896906 2.216073193358332 1.8729228489624046
0.7895947901553388 0.20473965454957033 0.13135576567106222 -2.0518091038390116 -0.03957940874828232 2.217766883064893 1.8731272132278811
0.7909833798554102 0.21314664622107365 0.13285069080728118 -2.047042791597362 -0.039583372242664984 2.2190486483285854 1.8733310379194374
0.7925595347393725 0.22197058069800996 0.13399151326281614 -2.0418042926933966 -0.039583545640320676 2.22052147256053 1.873946664840122
0.7945313630812568 0.23120985424386245 0.13469747364014223 -2.0361231796314194 -0.039587769237612314 2.22195567023407 1.8747346245302348
0.7968498118784941 0.24019603234236386 0.13527508754486675 -2.030791695806355 -0.039588242395439364 2.2246960005294465 1.8764504771678283
0.7999008170381071 0.24931984589509587 0.13543652966357111 -2.025115700111215 -0.039597127580996726 2.2282720541364758 1.8797191916890885
0.8032297746578689 0.2584790428399297 0.1354815210849962 -2.0191743259323185 -0.03960937883088716 2.2320565278976128 1.8851288171152734
0.8065936375892309 0.2673168300865638 0.1355378507906387 -2.012830159047326 -0.03962491681444138 2.2352431438108407 1.8900745983492495
0.8096382988601711 0.27591136271082634 0.1356810238290381 -2.0071265743112208 -0.03962371486539864 2.2390238375568776 1.8911740004123203
0.8123578920719547 0.2837410452938193 0.13580239244710177 -2.002506796465885 -0.03961985229757096 2.243432507698725 1.8912018630446759
0.8146237010645436 0.29069964177387925 0.13620217666102935 -1.9982148488432632 -0.03962208089341158 2.247205117556053 1.8912253686438694
0.81639422871196 0.296762851304483 0.13680966484710946 -1.9950727781512634 -0.039621724171770935 2.2500551742270125 1.8912496836505552
0.8176135068623788 0.30233584873141334 0.13749895468066686 -1.9927959230579242 -0.039621684741949346 2.251631199309111 1.8912467745727324
0.8186756119198944 0.3072901942820757 0.13810023046716222 -1.9913411412278672 -0.03962304660015636 2.2523154485893175 1.8912515331673359
0.8200191827779502 0.31197593257201955 0.13824095805240755 -1.9901831795145006 -0.03962855093334438 2.2524674594291723 1.891250475945912
0.82148179149375 0.3165147241667427 0.13823357124512595 -1.9892315913664464 -0.039634059650778805 2.2526860791429657 1.8912457041342667
0.8228845962704249 0.32106433272197354 0.13823497448094693 -1.9882575743450621 -0.03964077372599795 2.253366775178262 1.8912474910308124
0.8244163092265776 0.3255733701708808 0.13823011616865793 -1.98732867887876 -0.03965108406798244 2.2550009897448895 1.8912453504370317
0.8260591156783287 0.32947106313902386 0.13822482645511627 -1.9870568120034375 -0.03966103869721554 2.2584487088900635 1.891247486505962
0.8276857443816238 0.33270883013739744 0.1382231866392054 -1.9870635257571498 -0.03968365301462826 2.2628467663176677 1.891237996548414
0.8294288009184205 0.33546458371997967 0.13822482645511688 -1.9870513987678555 -0.03979014592342462 2.2674828088305277 1.891222907301551
0.8309731879798596 0.3379875272188085 0.13822506655842903 -1.9870635259193266 -0.03985176731132966 2.272408407644499 1.8912081905242717
0.8321956079118248 0.34058321584622 0.13822732362947035 -1.987074213735043 -0.039866185529446097 2.278255742030027 1.891170750540181
0.8331576781401002 0.3432841337356347 0.13823163458129814 -1.9870860594866566 -0.03987711137238315 2.2842528668312942 1.8911186423588304
0.8338446141634444 0.34612580789425185 0.13823288947706686 -1.9871629951947454 -0.03989897290196929 2.2889864129266875 1.8908107179145328
0.8344243852727634 0.3491879678704278 0.13822954861741316 -1.9871676001095164 -0.0400258876945464 2.291115233713561 1.8902961295638256
0.8348545460323475 0.3524957583338497 0.13822592933972677 -1.9872099990945022 -0.04039068631105386 2.2914575588839767 1.8899453323137148
0.8349270247912184 0.35585141729246933 0.13820731350233217 -1.9874512592077107 -0.040776245724435334 2.291554220024553 1.8893790547292693
0.834883214465579 0.3592271301746801 0.13811128361407404 -1.987648348878557 -0.04130394654320797 2.29176839076365 1.8883187278570264
0.8348629218550695 0.3627128251286828 0.13806653657097276 -1.987649395072669 -0.041752829819450235 2.292688446884579 1.8866018198847523
0.8349418299678653 0.3662084839670828 0.1380862724700564 -1.9876722085857792 -0.0419907172407074 2.295138054249086 1.8841077076034425
0.8350979038163581 0.369420840433377 0.1381263569478581 -1.987716683937585 -0.042086953236448704 2.3000778434969567 1.8803092709966769
0.8354295063593822 0.372246562258069 0.13819064433179057 -1.9878475661387205 -0.04207863735564892 2.307391431872271 1.8713843589383607
0.8358400917823111 0.3745428125788835 0.13829414895315556 -1.9883396473415706 -0.04206936715655517 2.3159802937727196 1.8630685811132595
0.8361710173938254 0.3765156075254383 0.13831055152834504 -1.989341120068855 -0.04206110517413547 2.3242732137744087 1.8571417821890703
0.8363860832855422 0.3783799324921524 0.13831014746748063 -1.9906016657064942 -0.04205561161860828 2.3285603808445825 1.8516598661973962
0.836403879073826 0.3798571425096488 0.1382998200780966 -1.9918539540870863 -0.04205559842132835 2.3286879665851594 1.8492479961266337
0.8363961036988666 0.38124748115150336 0.1383002083122614 -1.9931977921683441 -0.04205774913934989 2.328725284466134 1.84815225670271
0.8364006603157638 0.3826308347681453 0.13830192191959934 -1.9942014350876087 -0.042058477327966304 2.328979443429927 1.8464479542226657
0.8364248038404875 0.38408887008211745 0.13830510979158833 -1.994817616785461 -0.04206169794267078 2.3298057070422282 1.843709354290607
0.836409381793204 0.3854589211642123 0.13829663123362554 -1.995326368114917 -0.042058181569499246 2.331685584259777 1.8396728144729735
0.8363937007639946 0.3868920998621114 0.13829175704410554 -1.9957865568224522 -0.04204407296248186 2.3344845841142736 1.8331335001045028
0.8363941247691471 0.3884676259526875 0.13829342747944984 -1.9963396291316429 -0.042033849317417625 2.337779541088281 1.8291870666995984
0.8363987014856233 0.3900818813827896 0.13829871719343617 -1.9971486153579965 -0.042024420285255465 2.340336832735168 1.8290149667423397
0.8364987913927224 0.39168160694764725 0.13836950465287923 -1.998301106650712 -0.042022266967429056 2.342272144665107 1.8290091892110194
0.8366835493717103 0.39333126547087893 0.13853088423065651 -1.9999222904110767 -0.042024301960182364 2.3437559203065628 1.8289169526291311
0.8368851230332658 0.3948985296420628 0.13884566627282863 -2.0015840295323333 -0.04202430295533604 2.3449522327742782 1.8284988131904236
0.8370208856347456 0.39613212950572374 0.13932581817713408 -2.0029706215274357 -0.04202969324993488 2.34700096668433 1.8281659623963438
0.8371323979008438 0.39678392628899395 0.1396793122044003 -2.003953775734949 -0.042022786933405366 2.3506018860696845 1.8281442161388979
0.8372622133253859 0.3968707893311874 0.14012556212845348 -2.004864018909611 -0.04202033418748114 2.3563525339656644 1.828147878244181
0.8373563639264839 0.3968876206245878 0.1409770836834777 -2.0055228384954815 -0.04200673724718436 2.362062395128175 1.8281485903416441
0.8373569959303904 0.396913654570031 0.1418555271050964 -2.006259004859075 -0.04199576916735721 2.3658185612576457 1.8281496732731919
0.837364290220543 0.3970443571614981 0.1423061779671744 -2.0075718377903597 -0.041990367604849164 2.366365736621341 1.8281493161630995
0.8373755569538891 0.39719534775878995 0.14257419785466158 -2.0099172301757537 -0.04199036760462655 2.3663746577493736 1.8281467401969174
0.8373859451169001 0.3973866183034048 0.14273769766900704 -2.0127336528695317 -0.041992300384574466 2.3663836001525214 1.8281478782461749
0.8373915310484866 0.39786449486812364 0.14282869432357923 -2.0147692919700284 -0.0420004327146471 2.366393848975499 1.8281412666132228
0.8373946900953325 0.39879467902354354 0.14315112713978756 -2.0151817726068555 -0.04199488384952615 2.366395985203974 1.8281470645006184
0.8373995195774127 0.3998464998895406 0.14381251630754452 -2.0151331718184102 -0.041991690033011966 2.366403980057916 1.8281463938015259
0.8374240355061259 0.4008741565630093 0.1442984542292103 -2.015088950108741 -0.04199767124626683 2.366399421066835 1.8281435310466685
0.8374353677497435 0.40119298070819176 0.14435857909995575 -2.015054071779675 -0.041989085155249316 2.3663734901088747 1.8281905773125897
0.8372984489836669 0.40106851684755424 0.14426249627483081 -2.0145258726489863 -0.041991345030555 2.366385342199932 1.8282090610278328
0.8373578400175062 0.40116537663811125 0.14429521248000424 -2.01455140817909 -0.04199648074999356 2.3663435712724064 1.8282233799297056
0.8373434252175662 0.40111454112495215 0.14429512790188576 -2.014516770567847 -0.041995980582362355 2.3663433423837024 1.8282261923915808
0.837328431702235 0.4011332079276703 0.14428393050157748 -2.0145130201141748 -0.04199500870965974 2.3663417529265085 1.82823386417164
0.8373397904947674 0.4011418385129225 0.14429033654833204 -2.0144976005069397 -0.04199183257473809 2.366341752926508 1.8282277313526856
0.8373396392436859 0.4011276398081528 0.14429200828491096 -2.0144853191063805 -0.041995369782940065 2.3663409391164496 1.8282357560375646
0.8373364496231025 0.40114016807706726 0.1442881058821207 -2.0145009199970567 -0.041996124349154396 2.366340585732229 1.8282314254943135
0.8373322129249572 0.4011312590858392 0.14429033687240198 -2.0144956199579074 -0.04199598656733457 2.3663423467274067 1.8282358021260565
0.8373367106017741 0.401138497641212 0.14429032812368184 -2.014493949540256 -0.04199208255614393 2.3663391116426684 1.8282383865456677
0.8373294894895679 0.401138497641212 0.14428671759471556 -2.0145045289491352 -0.041996735590370614 2.366340222260309 1.828239098783996
0.8373448983828226 0.4011365487993809 0.14429395615008836 -2.014499239235599 -0.0419964354609212 2.3663407685503066 1.828239810860819
0.8373311599095662 0.4011365487993809 0.14428504325861255 -2.0144994864886776 -0.0419974476405636 2.3663402876850554 1.828234622872538
0.8373410447801363 0.40114016807706726 0.14429200730825723 -2.0145061993499978 -0.041992399618283834 2.3663401685564356 1.8282354366746212
0.8373412674265391 0.4011332079276703 0.14429560034027702 -2.014499239235599 -0.041994699476887394 2.3663413598119782 1.828236860828267
0.8373366836265282 0.4011348783635256 0.1442903368724014 -2.0144992667118804 -0.041991867247940545 2.366337230953999 1.828240522937642
0.8373396086692809 0.4011418385129225 0.14429033687240198 -2.0145045290761465 -0.041995243663884955 2.366340531274048 1.828233198718966
0.8373402260897451 0.40114016807706726 0.14428671759456743 -2.014505083753351 -0.04199669186157133 2.366338214260432 1.8282316728399857
0.8373364785137402 0.4011365487993809 0.1442886664365467 -2.014500909671449 -0.041995614499100296 2.3663380836004264 1.8282398108608193
0.8373319688477278 0.40114016807706726 0.14428669134904895 -2.0145045289491352 -0.041997406714245684 2.3663370369385643 1.82823757290509
0.8373372566097598 0.4011348783635256 0.14429200730825723 -2.014500909671449 -0.04199661793125966 2.366336984555821 1.82823391084955
0.8373371641679441 0.4011365487993809 0.14429033687240198 -2.014500909671449 -0.041992206200917065 2.3663394034485936 1.828234622872538
0.8373331119613228 0.4011437873547537 0.14429033687240198 -2.0145078698208456 -0.04199541014713811 2.366336288546267 1.8282361618333962
0.8373426245363933 0.4011348783635256 0.14429395517802665 -2.014500909671449 -0.04199571410315019 2.366337106706993 1.828233198718892
0.8373350142784748 0.401138497641212 0.14428661261204906 -2.0145061993849906 -0.04199709061510053 2.3663370369009127 1.8282316728399857
0.8373371786456013 0.4011418385129225 0.14428962532277334 -2.0145078698208403 -0.04199326918179073 2.3663362101602066 1.828236148751444
0.8373365286004355 0.4011332079276703 0.14429200730825723 -2.0145028585016154 -0.041995374593809705 2.3663376966558975 1.8282383867078378
0.8373365279572764 0.40114016807706726 0.14428671759471556 -2.01450285851328 -0.041995411223148746 2.3663369981243574 1.8282405229377159
0.8373384609582679 0.40113655174282015 0.14429033687240192 -2.0145061993849906 -0.04199600758022213 2.3663433593379155 1.8282309607631628
0.8373354863832974 0.4011332079276704 0.14428504715886029 -2.01450285851328 -0.041995297636580046 2.3663393496932286 1.828237572905172
0.8373341318747076 0.4011401680770673 0.1442867175946991 -2.0145045289491352 -0.04199608448415644 2.3663369845558124 1.828236148751444
0.8373372411920671 0.40113849764121207 0.14429200730825723 -2.0145078698208456 -0.04199535903393389 2.3663376972957195 1.8282324866420692
0.8373355073168284 0.4011348783635257 0.1442886664365467 -2.014500884161642 -0.04199253104700766 2.3663378143693192 1.8282379263331405
0.8373364509552695 0.40113849764121207 0.14428843022554705 -2.0145045289491352 -0.04199231945017912 2.366336984788286 1.8282383867071732
0.8373364625109677 0.4011401680770673 0.1442886664365467 -2.0145061993849906 -0.04199660691241176 2.366336985039517 1.8282407537754901
0.8373348061520938 0.40113654879938093 0.1442886664365467 -2.0144992392355934 -0.04199336717418231 2.3663377009983817 1.8282346228725626
0.8373367906611285 0.4011401680770673 0.1442886664365465 -2.014505083753351 -0.041995754887179285 2.366337698085521 1.8282390250017868
0.8373366868859654 0.4011401680770673 0.14429033687240198 -2.0145045289491352 -0.04199328531726158 2.366337696631971 1.828239688530635
0.8373357413083167 0.4011348783635257 0.14429200730825723 -2.014497568800204 -0.0419920617326366 2.3663376966317493 1.8282418177805748
0.8373347795478926 0.4011401680770673 0.14428504715886029 -2.0145028585128477 -0.041991827236118905 2.366338044211009 1.8282398113455822
0.8373396046568929 0.40113849764121207 0.1442886664365467 -2.014500909671449 -0.04199415310629645 2.3663387955157353 1.828236865189
0.8373371546412366 0.40113654879938093 0.14429200698290326 -2.014499238920642 -0.04199208264323689 2.3663384087085726 1.8282342642240115
0.8373369199327624 0.40113654879938093 0.14429033687240198 -2.0145009100482953 -0.041992403945014814 2.3663391109361394 1.8282373901361522
0.8373333700431861 0.40113849764121207 0.1442886664365467 -2.01450285851328 -0.041992574628610294 2.366336984770267 1.8282398128727706
0.8373354822674932 0.40113654879938093 0.14429033687240198 -2.014500909671449 -0.041993734470547626 2.3663384091930895 1.828240158661427
0.837334808076564 0.40113849764121207 0.14428671759471556 -2.01450285851328 -0.04199524334118981 2.366337023801005 1.8282390867248286
0.8373347912185232 0.4011348783635257 0.14428671759471556 -2.0145045289491352 -0.04199279992849394 2.366336997636879 1.8282404076790406
0.8373385646456386 0.40113654879938093 0.14428866643649732 -2.01450285851328 -0.04199732997252625 2.366338049844459 1.8282398697213293
0.8373388220692727 0.40113849764121207 0.14428866643654664 -2.014504528949141 -0.0419931664854857 2.366337735877606 1.828242323610087
0.8373348151397818 0.40114378735475376 0.1442886664365467 -2.0145045289491335 -0.041993540242423244 2.3663384087145545 1.8282355662831988
0.8373384582065685 0.40113849764121207 0.1442886664365467 -2.014500908726641 -0.041994473330203654 2.3663376966317493 1.8282444556785624
0.8373347879968802 0.40113654879938093 0.1442886664365467 -2.0145045034393285 -0.041995103590428365 2.3663376966317493 1.8282431535652817
0.8373359440809671 0.40113849764121207 0.1442886664365467 -2.0145045289491352 -0.041992046551075565 2.3663376966317493 1.8282435059738908
0.8373365314767601 0.40113849764121207 0.14429033687240198 -2.0145061993849906 -0.04199634291519878 2.3663376966317493 1.8282419879024476
0.8373375872337968 0.4011348783635257 0.1442886664365467 -2.0145061993849906 -0.04199315064013287 2.366336984555 1.8282419886749124
0.837335484411454 0.40113654879938093 0.14429033687240192 -2.014502858517467 -0.04199672144678527 2.3663391207853954 1.8282382007086821
0.8373348081162144 0.40113849764121207 0.14429200730825723 -2.01450285851328 -0.04199324734845134 2.3663369845609084 1.8282399630824113
0.8373370020950672 0.4011348783635257 0.14429200730825723 -2.0144992392355934 -0.041995101318777095 2.3663376966317493 1.8282321850310124
0.8373395189560464 0.4011348783635257 0.14429033687240198 -2.0145045289491352 -0.04199529569149912 2.3663384087085726 1.8282437493920056
0.8373369979339188 0.4011348783635257 0.14429033676439512 -2.0145061993849906 -0.04199291431342419 2.3663376966317493 1.8282386658520586
0.8373331203485173 0.40113654879938093 0.14429033687240198 -2.0145061993849906 -0.04199489755683293 2.3663384087085735 1.8282369074337352
0.837334780257229 0.40113654879938093 0.14429033687240198 -2.014504526227761 -0.04199590802426953 2.3663391207853954 1.828236552768137
0.8373348052039326 0.4011348783635256 0.14428962823940117 -2.014500909671449 -0.04199313519302636 2.3663384087085726 1.828241624677685
0.8373371452271189 0.401138497641212 0.14429200633619552 -2.01450360025997 -0.04199595334843233 2.3663391207853954 1.8282431550786569
0.8373372059965889 0.4011348783635256 0.14429200730825723 -2.01450285851328 -0.04199505608495709 2.3663376966317493 1.8282445792323987
0.8373355596403586 0.401138497641212 0.1442919810625906 -2.0145045289491352 -0.041996467389803435 2.3663376966317493 1.828241585593342
0.8373365575126973 0.4011365487993809 0.14429033395621682 -2.01450285851328 -0.04199149124931111 2.3663376966317493 1.8282416291460142
0.8373384436192645 0.4011365487993809 0.14429395615008836 -2.014504299360874 -0.04199353591315805 2.3663391207853954 1.8282438671376084
0.837337848628348 0.4011365487993809 0.14429033687240198 -2.0145061993849906 -0.04199421344755105 2.3663397151246484 1.828237966910358
0.8373369632231401 0.4011365487993809 0.14429033687106674 -2.0145045289491352 -0.041995649738314315 2.3663376966317493 1.8282369017471065
0.8373348601962117 0.4011365487993809 0.14428866643610225 -2.01450285851328 -0.041992060791136945 2.3663384087085726 1.8282391230625912
0.8373376661924694 0.4011365487993809 0.14428858769954683 -2.014500909671449 -0.04199137274751134 2.3663376966317493 1.8282399761643673
0.8373410147694561 0.401138497641212 0.14429033687106857 -2.0145045289491352 -0.041996082068088185 2.3663384087085726 1.8282391454020923
0.8373347878897281 0.4011348783635256 0.14429033395621682 -2.0145045289491352 -0.04199657844732548 2.3663391207853954 1.8282438671555536
0.8373338118435268 0.4011348783635256 0.14428671759471556 -2.014500909671449 -0.04199101745845724 2.3663369845549265 1.828235716052719
0.8373392839894859 0.4011365487993809 0.14429200730820782 -2.0145045289491352 -0.04199101908306519 2.3663369845549265 1.8282428018660457
0.8373365277325718 0.4011332079276703 0.14429129867525822 -2.01450285851328 -0.04199253324569893 2.3663376966855845 1.8282445792317368
0.8373355852361839 0.4011365487993809 0.14429033687240198 -2.01450285851328 -0.04199539607007342 2.3663384087085726 1.8282438671555783
0.8373331868956417 0.4011348783635256 0.14428865768799118 -2.0145061993849906 -0.04199643688257755 2.3663384087085726 1.8282416161178972
0.8373364615130343 0.4011348783635256 0.14429033687240198 -2.014500909671449 -0.04199210241547338 2.3663376966317493 1.8282409171230263
0.8373350488582999 0.4011348783635256 0.14429033687240198 -2.01450285851328 -0.04199372002051655 2.366337735877606 1.8282431550787555
0.8373351173361833 0.4011365487993809 0.14429033687240198 -2.01450285851328 -0.041993772674563105 2.3663376966317493 1.8282419880639624
